3.6216,8.6661,-2.8073,-0.44699,0
4.5459,8.1674,-2.4586,-1.4621,0
3.866,-2.6383,1.9242,0.10645,0
3.4566,9.5228,-4.0112,-3.5944,0
0.32924,-4.4552,4.5718,-0.9888,0
4.3684,9.6718,-3.9606,-3.1625,0
3.5912,3.0129,0.72888,0.56421,0
2.0922,-6.81,8.4636,-0.60216,0
3.2032,5.7588,-0.75345,-0.61251,0
1.5356,9.1772,-2.2718,-0.73535,0
1.2247,8.7779,-2.2135,-0.80647,0
3.9899,-2.7066,2.3946,0.86291,0
1.8993,7.6625,0.15394,-3.1108,0
-1.5768,10.843,2.5462,-2.9362,0
3.404,8.7261,-2.9915,-0.57242,0
4.6765,-3.3895,3.4896,1.4771,0
2.6719,3.0646,0.37158,0.58619,0
0.80355,2.8473,4.3439,0.6017,0
1.4479,-4.8794,8.3428,-2.1086,0
5.2423,11.0272,-4.353,-4.1013,0
5.7867,7.8902,-2.6196,-0.48708,0
0.3292,-4.4552,4.5718,-0.9888,0
3.9362,10.1622,-3.8235,-4.0172,0
0.93584,8.8855,-1.6831,-1.6599,0
4.4338,9.887,-4.6795,-3.7483,0
0.7057,-5.4981,8.3368,-2.8715,0
1.1432,-3.7413,5.5777,-0.63578,0
-0.38214,8.3909,2.1624,-3.7405,0
6.5633,9.8187,-4.4113,-3.2258,0
4.8906,-3.3584,3.4202,1.0905,0
-0.24811,-0.17797,4.9068,0.15429,0
1.4884,3.6274,3.308,0.48921,0
4.2969,7.617,-2.3874,-0.96164,0
-0.96511,9.4111,1.7305,-4.8629,0
-1.6162,0.80908,8.1628,0.60817,0
2.4391,6.4417,-0.80743,-0.69139,0
2.6881,6.0195,-0.46641,-0.69268,0
3.6289,0.81322,1.6277,0.77627,0
4.5679,3.1929,-2.1055,0.29653,0
3.4805,9.7008,-3.7541,-3.4379,0
-1.0744,-6.3113,5.355,0.80472,1
-0.51003,-0.23591,0.020273,0.76334,1
-0.36372,3.0439,-3.4816,-2.7836,1
-6.3979,6.4479,1.0836,-6.6176,1
-2.2501,3.3129,-0.88369,-2.8974,1
-1.1859,-1.2519,2.2635,0.77239,1
-1.8076,-8.8131,8.7086,-0.21682,1
-3.3863,-12.9889,13.0545,-2.7202,1
-1.4106,-7.108,5.6454,0.31335,1
-0.21394,-0.68287,0.096532,1.1965,1
0.48797,3.5674,-4.3882,-3.8116,1
-3.8167,5.1401,-0.65063,-5.4306,1
-1.9555,0.20692,1.2473,-0.3707,1
-2.1786,-6.4479,6.0344,-0.20777,1
-2.3299,-9.9532,8.4756,-1.8733,1
0.0031201,-4.0061,1.7956,0.91722,1
1.3518,1.0595,-2.3437,0.39998,1
1.2309,3.8923,-4.8277,-4.0069,1
-5.0301,7.5032,-0.13396,-7.5034,1
-3.0799,0.60836,2.7039,-0.23751,1